3.78    2.20    1.70    1.79    2.60    2.78    3.37    4.27    4.56   4.37    4.72    4.85    4.98    5.37    4.33    4.04    3.92    4.12    4.62    4.71   12.69   11.09   10.97   11.54   11.12   10.73   11.98  15.52   20.50   22.47   

1.47    2.91    3.42    2.77    2.14    1.64    1.25    1.24    1.32   1.64    2.02    2.23    2.21    2.28    2.45    2.42    2.65    3.35    3.60    3.90   11.49    9.74    9.17    9.65    9.54    8.55   11.45  15.21   21.68   24.58   

0.89    1.07    1.15    0.76    1.05    1.46    1.60    1.56    1.58   1.77    2.14    2.45    2.86    3.38    3.07    3.31    4.09    5.20    6.12    5.78    8.24    6.64    5.55    4.23    2.76    1.98    3.56   8.69   15.72   19.58   

1.32    0.82    0.82    0.57    0.35    0.37    0.26    0.36    0.56   0.36    0.34    0.51    0.73    1.52    2.02    2.19    2.89    3.30    3.95    4.50    4.65    2.44    1.73    1.54    1.23    1.09    0.88   3.57   11.59   15.90   

0.39    0.20    0.16    0.23    0.17    0.15    0.13    0.07    0.03   0.01    0.00    0.00    0.00    0.00    0.00    0.00    0.00    0.00    0.00    0.00    0.00    0.00    0.00    0.00    0.00    0.00    0.00   0.00    1.52    4.63    

0.25    0.14    0.12    0.09    0.05    0.14    0.18    0.07    0.04   0.02    0.00    0.01    0.01    0.00    0.00    0.00    0.02    0.05    0.05    0.05    0.00    0.00    0.00    0.00    0.00    0.00    0.00   0.00    0.98   5.24    

1.34    1.06    1.22    1.50    1.38    1.09    0.98    0.89    0.78   0.25    0.20    0.33    0.34    0.23    0.20    0.28    0.26    0.33    0.51    0.66    0.91    0.75    0.59    0.43    0.06    0.00    0.00   0.13    1.14   6.07   
 
3.13    2.40    2.37    2.89    3.56    3.07    2.11    2.22    2.82   2.30    1.30    1.20    1.22    1.10    1.69    1.61    1.61    2.77    3.36    3.56    3.50    2.14    1.20    0.52    0.19    0.16    0.47   2.14    6.88   11.00   

3.77    3.75    2.57    3.05    3.04    3.04    2.26    1.42    1.26   1.14    0.99    1.35    1.79    2.22    2.75    3.15    4.06    5.23    6.34    6.75   11.94   10.05    9.31    9.00    8.53    8.62   10.68  12.70   16.82   18.93   

1.89    1.47    1.05    1.25    2.66    3.30    4.04    4.17    4.32   4.06    4.82    7.32    8.74    8.67    8.35    8.09    7.34    7.08    6.81    6.50    9.55    9.87   11.29   11.92   12.26   13.33   15.74  19.69   23.95   25.43  

4.60    3.85    3.93    4.29    4.30    4.03    4.04    5.64    6.60   6.51    7.90    8.67    9.05   10.77   10.69   10.86   10.26    8.61    8.37    9.22   12.56   11.48   11.76   11.53   11.32   10.76   12.22  15.65   20.86   22.64   

2.81    2.55    3.02    4.29    5.19    5.47    5.52    5.33    5.49   5.42    5.24    4.75    4.21    3.24    2.88    3.58    5.01    5.95    6.89    7.61   12.78   12.01   12.19   11.52   10.57   11.07   13.42  17.71   22.71   24.61   

0.72    0.74    1.14    1.55    1.61    1.62    1.99    2.96    5.02   5.33    4.75    4.41    4.80    4.94    4.28    4.67    5.38    6.26    7.51    8.58   14.47   14.62   14.82   14.15   13.73   15.09   16.93  19.65   23.64   24.66   

3.94    3.41    3.31    3.34    2.47    1.71    1.34    1.55    2.80   3.39    2.97    3.09    3.70    4.11    3.39    3.55    4.50    5.30    5.59    5.64    8.82    7.83    7.08    7.11    7.61    8.31    9.61  13.39   18.90   20.12   

2.94    3.47    4.61    5.27    4.71    4.46    4.18    4.22    4.06   3.56    3.63    3.93    4.67    4.76    5.24    5.57    5.93    6.91    7.84    9.37    5.26    2.58    0.51    0.05    0.47    0.99    2.15   4.79    9.93   14.56  

3.17    3.87    4.20    4.16    3.01    2.34    1.84    1.65    1.25   0.61    0.58    1.49    2.66    3.28    2.53    1.89    2.04    2.84    3.45    3.50    0.48    0.17    0.10    0.02    0.00    0.00    0.00   0.00    5.90   11.31   

1.53    1.67    1.79    1.85    0.87    0.56    0.45    0.43    0.53   0.35    0.29    0.45    0.55    0.21    0.14    0.11    0.09    0.17    0.16    0.18    0.16    0.37    0.38    0.06    0.00    0.00    0.00   0.87    3.66   8.21   

2.77    2.08    1.70    1.42    0.80    0.38    0.17    0.10    0.29   0.52    0.34    0.18    0.27    0.04    0.11    0.10    0.07    0.13    0.17    0.24    0.00    0.00    0.00    0.00    0.00    0.00    0.00   0.00    0.37   3.07   

1.77    2.08    2.12    1.82    1.38    1.40    1.88    1.60    1.13   0.83    0.56    0.48    0.45    0.18    0.18    0.36    0.40    0.44    0.42    0.51    0.27    0.04    0.00    0.00    0.00    0.00    0.13   0.67    3.00   6.14   

3.06    2.95    2.77    2.38    1.99    2.09    1.92    2.12    2.33   1.51    0.73    0.36    0.56    1.30    1.93    2.57    3.42    3.17    3.28    3.82    8.42    7.22    6.41    5.74    5.11    5.17    6.67  10.26   15.07   17.52   

2.34    2.42    2.76    2.39    2.70    2.85    3.13    3.45    4.23   4.98    4.58    3.36    2.07    1.99    2.43    2.73    2.56    2.77    3.04    4.01    7.90    7.31    7.47    7.76    8.04    8.03    8.75  11.73   16.73   18.71  

 3.43    3.70    3.95    3.80    2.92    2.66    2.73    2.76    2.79  3.25    3.66    4.12    5.09    6.43    8.09    8.54   10.13    12.27   12.24   11.35   13.31   12.09   12.15   11.22   10.09   10.17   12.08 15.56   19.76   21.65   

6.28    4.98    4.44    3.62    2.83    3.24    4.77    5.36    5.26   5.41    4.95    4.22    3.81    3.85    3.47    3.63    5.32    6.98    7.63    7.85   14.05   13.76   14.46   14.85   14.72   14.67   15.51  18.26   22.26   23.71  

1.40    0.71    0.58    0.48    0.63    1.03    2.00    2.63    2.99   2.88    3.02    3.32    4.06    5.23    6.48    7.37    8.62    9.47    8.96    8.12   13.44   12.82   13.55   13.85   13.21   12.87   13.62  16.40   21.27   23.67  

2.14    2.10    1.86    1.98    1.79    1.53    1.59    1.67    2.34   2.80    2.71    3.02    3.73    3.89    4.25    4.22    4.14    4.97    5.79    6.77   10.59    9.95    9.23    9.12    8.94    9.92   11.81  15.99   20.83   23.17   

3.24    4.07    3.59    2.68    2.77    2.98    3.63    4.32    5.10   5.99    6.56    7.37    9.41   10.35    9.55    9.80   10.24   10.24    9.55    8.99   10.34    8.61    7.78    7.69    6.66    5.59    6.35   8.75   13.20   15.24   

6.53    6.72    6.76    6.14    4.92    3.92    3.80    4.04    4.35   4.77    4.42    3.88    3.77    3.98    3.85    3.71    4.11    4.40    4.03    3.97    2.89    1.60    0.83    0.75    0.86    0.78    0.92   2.51    9.58   12.82  

1.77    1.63    2.64    3.57    3.42    3.36    3.02    2.49    2.12   1.64    1.28    1.27    1.51    1.31    1.49    1.52    1.58    1.86    1.97    2.14    0.00    0.00    0.00    0.00    0.00    0.00    0.00   0.12    3.04   6.86   

0.01    0.00    0.01    0.14    0.26    0.16    0.02    0.03    0.08   0.13    0.12    0.06    0.18    0.06    0.01    0.02    0.02    0.02    0.02    0.01    0.14    0.14    0.00    0.00    0.00    0.00    0.00   0.00    0.10   2.40    

1.28    1.07    1.16    1.35    1.16    1.08    1.34    1.62    2.14   2.53    2.82    3.03    3.37    4.17    3.89    3.98    3.81    4.41    5.17    5.55   10.25   10.21   11.47   12.00   11.63   11.88   12.98  15.69   20.28   22.01   